[[-9.07258065 -3.87445887]
 [-8.58870968 -0.95238095]
 [-5.92741935  4.56709957]
 [-2.86290323  1.64502165]
 [-1.49193548 -4.84848485]
 [ 0.84677419 -7.55411255]
 [ 3.10483871 -4.63203463]
 [ 4.7983871   0.56277056]
 [ 6.25        5.43290043]
 [ 8.26612903  7.5974026 ]
 [ 9.15322581  2.72727273]
 [ 9.47580645 -1.70995671]
 [ 3.66935484 -2.14285714]
 [ 1.97580645 -4.74025974]
 [-3.10483871 -2.14285714]
 [-4.23387097  4.13419913]
 [-6.89516129  1.21212121]
 [-0.84677419 -8.31168831]
 [ 4.47580645  3.26839827]
 [ 5.44354839  5.32467532]][[-9.95967742 -6.03896104]
 [-9.63709677 -3.22510823]
 [-8.18548387  0.88744589]
 [-6.49193548 -0.51948052]
 [-5.76612903 -6.36363636]
 [-4.15322581 -8.41991342]
 [-1.89516129 -3.11688312]
 [-0.92741935  1.96969697]
 [ 1.41129032  1.42857143]
 [ 1.81451613 -5.28138528]
 [ 3.66935484 -9.71861472]
 [ 6.57258065 -4.84848485]
 [ 7.21774194  0.88744589]
 [ 8.10483871  3.80952381]
 [ 8.50806452 -0.73593074]
 [ 8.75       -7.22943723]
 [ 9.23387097 -8.96103896]
 [ 0.52419355  2.72727273]
 [-2.13709677 -1.06060606]
 [-3.50806452 -7.33766234]][[-9.87903226 -4.84848485]
 [-9.15322581 -1.06060606]
 [-7.86290323  3.91774892]
 [-4.23387097  4.24242424]
 [-2.86290323  1.21212121]
 [-1.89516129 -2.68398268]
 [ 0.2016129  -4.41558442]
 [ 2.78225806 -0.95238095]
 [ 4.15322581  2.94372294]
 [ 7.78225806  1.75324675]
 [ 8.91129032 -2.46753247]
 [ 9.87903226 -6.25541126]
 [-6.41129032  6.40692641]
 [-5.44354839  2.29437229]
 [-2.45967742 -0.62770563]
 [ 0.84677419  0.12987013]
 [ 1.00806452  2.72727273]
 [ 1.73387097 -2.35930736]
 [ 2.62096774 -2.9004329 ]
 [ 6.33064516  3.26839827]][[-9.7983871  -5.38961039]
 [-8.75       -5.28138528]
 [-8.10483871 -4.63203463]
 [-7.62096774 -3.11688312]
 [-7.05645161 -2.03463203]
 [-5.44354839 -3.11688312]
 [-4.31451613 -5.71428571]
 [-4.07258065 -5.71428571]
 [-3.58870968 -1.92640693]
 [-2.54032258 -1.16883117]
 [-0.04032258 -3.98268398]
 [ 2.37903226 -0.19480519]
 [ 6.25       -3.33333333]
 [ 6.49193548 -3.44155844]
 [ 0.04032258 -0.51948052]
 [ 3.75        1.53679654]
 [-0.60483871 -7.22943723]
 [-1.65322581 -4.95670996]
 [ 4.47580645  4.78354978]
 [ 0.60483871 -2.25108225]][[-9.63709677  4.08008658]
 [-8.66935484  3.43073593]
 [-8.18548387  1.37445887]
 [-7.54032258 -1.54761905]
 [-5.92741935 -2.30519481]
 [-3.75        0.72510823]
 [-2.05645161  5.16233766]
 [ 0.44354839  6.89393939]
 [ 2.05645161  3.64718615]
 [ 3.10483871 -3.82034632]
 [ 4.23387097 -7.17532468]
 [ 5.2016129  -6.63419913]
 [ 7.13709677 -0.03246753]
 [ 7.62096774  3.75541126]
 [ 8.50806452  2.45670996]
 [ 8.34677419 -3.17099567]
 [ 8.50806452 -6.74242424]
 [ 2.86290323 -0.24891775]
 [ 2.13709677  4.62121212]
 [-2.7016129   3.21428571]][[-9.55645161  5.5952381 ]
 [-8.18548387  5.16233766]
 [-6.81451613  3.97186147]
 [-6.25        1.15800866]
 [-5.52419355 -1.54761905]
 [-4.15322581 -2.62987013]
 [-3.10483871 -1.54761905]
 [-2.13709677  1.15800866]
 [-1.00806452  5.7034632 ]
 [ 0.36290323  8.19264069]
 [ 1.81451613  4.94588745]
 [ 2.86290323 -2.62987013]
 [ 4.39516129 -6.52597403]
 [ 6.57258065 -5.87662338]
 [ 8.34677419 -2.84632035]
 [ 8.99193548 -0.35714286]
 [ 9.55645161  2.9978355 ]
 [ 2.54032258  0.07575758]
 [-8.50806452  7.11038961]
 [-7.7016129   3.53896104]][[-9.55645161 -5.55194805]
 [-8.75       -4.9025974 ]
 [-8.02419355 -3.27922078]
 [-6.89516129 -1.76406926]
 [-4.63709677 -1.87229437]
 [-2.78225806 -4.25324675]
 [-1.89516129 -6.41774892]
 [ 1.00806452 -5.66017316]
 [ 1.97580645 -1.87229437]
 [ 2.62096774  1.04978355]
 [ 3.99193548  0.94155844]
 [ 4.7983871  -2.52164502]
 [ 5.84677419 -6.2012987 ]
 [ 7.54032258 -5.11904762]
 [ 8.66935484 -0.24891775]
 [ 9.55645161  3.53896104]
 [ 9.7983871   5.48701299]
 [-0.92741935 -6.85064935]
 [-0.2016129  -4.36147186]
 [-0.04032258 -7.28354978]][[-9.31451613 -5.76839827]
 [-7.2983871  -4.14502165]
 [-5.44354839 -3.17099567]
 [-3.18548387 -1.43939394]
 [-1.41129032 -0.35714286]
 [ 0.44354839  0.50865801]
 [ 1.25        1.26623377]
 [ 2.2983871   1.26623377]
 [ 3.83064516 -0.14069264]
 [ 4.47580645 -2.1969697 ]
 [ 5.44354839 -4.57792208]
 [ 6.41129032 -7.39177489]
 [-8.58870968 -3.71212121]
 [-8.34677419 -3.17099567]
 [-7.45967742 -4.57792208]
 [-4.39516129 -3.495671  ]
 [-4.07258065 -3.92857143]
 [-2.86290323 -0.79004329]][[-8.75       -9.66450216]
 [-8.02419355 -8.25757576]
 [-7.13709677 -5.98484848]
 [-5.84677419 -3.27922078]
 [-5.04032258 -1.65584416]
 [-3.99193548 -0.03246753]
 [-1.49193548  2.45670996]
 [ 0.36290323  2.56493506]
 [ 1.97580645  1.80735931]
 [ 2.78225806  0.4004329 ]
 [ 3.42741935 -2.08874459]
 [ 3.83064516 -3.6038961 ]
 [ 4.31451613 -4.9025974 ]
 [ 4.7983871  -6.52597403]
 [ 5.2016129  -7.93290043]
 [ 5.60483871 -9.23160173]
 [-2.86290323 -0.79004329]
 [-2.62096774  0.61688312]
 [-2.21774194  3.43073593]
 [-0.36290323  1.80735931]][[-8.83064516 -9.71861472]
 [-8.66935484 -8.31168831]
 [-8.58870968 -7.01298701]
 [-8.34677419 -4.95670996]
 [-8.18548387 -3.33333333]
 [-7.86290323 -1.06060606]
 [-7.2983871   0.995671  ]
 [-6.81451613  1.1038961 ]
 [-5.92741935  1.1038961 ]
 [-5.36290323  0.34632035]
 [-5.04032258 -1.06060606]
 [-4.47580645 -3.11688312]
 [-3.26612903 -4.84848485]
 [-2.54032258 -4.1991342 ]
 [-1.49193548 -1.81818182]
 [-0.84677419  0.77922078]
 [-0.2016129   4.02597403]
 [ 1.00806452  7.05627706]
 [ 2.45967742  7.5974026 ]
 [ 3.34677419  5.75757576]
 [ 3.34677419  2.72727273]
 [ 3.58870968  0.45454545]
 [ 3.99193548 -3.33333333]
 [ 4.63709677 -6.25541126]
 [ 5.52419355 -8.0952381 ]
 [ 6.16935484 -8.0952381 ]
 [ 7.05645161 -5.60606061]
 [ 8.26612903 -3.44155844]
 [ 9.07258065 -2.25108225]
 [ 9.31451613 -2.03463203]
 [ 9.63709677 -1.38528139]
 [-0.84677419 -0.19480519]
 [-0.60483871  2.51082251]
 [ 0.04032258  5.21645022]
 [ 1.16935484  7.5974026 ]
 [-2.78225806 -4.63203463]
 [-1.89516129 -2.79220779]
 [-8.10483871 -2.03463203]
 [-7.54032258  0.02164502]
 [-8.75       -7.77056277]
 [ 3.58870968 -1.06060606]
 [-2.2983871   0.02164502]
 [-2.13709677  1.1038961 ]
 [-2.05645161  1.64502165]
 [ 2.37903226  5.21645022]
 [ 2.21774194  3.59307359]
 [ 2.45967742  4.24242424]
 [ 3.42741935  2.18614719]
 [ 7.05645161 -6.9047619 ]
 [ 7.62096774 -3.33333333]][[-9.87903226 -2.14285714]
 [-9.47580645 -1.06060606]
 [-8.83064516  1.1038961 ]
 [-7.7016129   3.16017316]
 [-6.16935484  3.59307359]
 [-5.52419355  0.995671  ]
 [-5.12096774 -2.14285714]
 [-4.47580645 -4.84848485]
 [-3.34677419 -7.44588745]
 [-1.89516129 -9.06926407]
 [-0.12096774 -9.28571429]
 [ 1.16935484 -8.0952381 ]
 [ 1.65322581 -6.36363636]
 [ 2.37903226 -3.54978355]
 [ 3.34677419  0.23809524]
 [ 4.23387097  4.56709957]
 [ 5.04032258  7.48917749]
 [ 5.68548387  9.43722944]
 [ 2.78225806 -1.38528139]
 [ 3.99193548  2.94372294]
 [ 4.55645161  5.54112554]
 [ 0.52419355 -8.0952381 ]
 [-0.28225806 -9.5021645 ]
 [-2.13709677 -8.41991342]
 [-3.18548387 -5.17316017]
 [-4.39516129 -1.38528139]
 [-5.36290323  1.64502165]
 [-5.92741935  3.80952381]
 [-6.33064516  4.02597403]
 [-8.10483871  2.07792208]
 [-9.55645161 -0.51948052]
 [-9.71774194 -2.03463203]
 [-7.05645161  2.61904762]
 [-1.00806452 -2.46753247]
 [-1.16935484 -4.09090909]
 [-0.60483871 -0.62770563]
 [-0.68548387 -2.35930736]
 [-0.68548387 -2.68398268]
 [ 0.60483871 -8.31168831]
 [ 2.21774194 -4.95670996]
 [ 2.78225806 -1.6017316 ]
 [ 3.26612903  1.32034632]
 [ 4.31451613  5.32467532]
 [ 5.12096774  8.13852814]
 [-4.55645161 -3.98268398]
 [-4.07258065 -2.57575758]
 [-4.23387097 -1.38528139]
 [-3.26612903 -5.38961039]
 [-2.78225806 -7.33766234]
 [-2.78225806 -7.44588745]][[-8.91129032 -9.71861472]
 [-8.66935484 -7.98701299]
 [-8.50806452 -6.36363636]
 [-7.7016129  -3.98268398]
 [-6.81451613 -2.25108225]
 [-5.60483871 -2.14285714]
 [-4.31451613 -3.22510823]
 [-3.58870968 -4.95670996]
 [-2.37903226 -5.71428571]
 [-0.36290323 -4.52380952]
 [ 0.76612903 -1.70995671]
 [ 1.33064516  0.02164502]
 [ 2.05645161  2.18614719]
 [ 2.86290323  3.7012987 ]
 [ 4.23387097  3.16017316]
 [ 4.7983871   0.45454545]
 [ 5.28225806 -1.92640693]
 [ 6.00806452 -4.84848485]
 [ 6.81451613 -8.41991342]
 [ 7.2983871  -9.82683983]
 [ 0.2016129  -3.44155844]
 [-1.49193548 -2.9004329 ]
 [-1.49193548 -3.33333333]
 [ 3.91129032 -1.27705628]
 [ 4.39516129 -2.57575758]
 [ 5.68548387 -3.44155844]
 [ 6.73387097 -7.12121212]
 [ 5.44354839 -5.82251082]
 [ 5.44354839 -5.82251082]
 [-5.04032258 -3.98268398]
 [-3.83064516 -4.30735931]
 [-7.94354839 -2.68398268]
 [-7.21774194 -5.17316017]
 [-7.94354839 -5.28138528]
 [ 1.33064516  1.1038961 ]
 [ 1.81451613  3.48484848]
 [ 3.50806452  4.89177489]
 [ 3.58870968  3.37662338]
 [ 3.58870968  3.37662338]
 [ 4.95967742  1.86147186]][[-9.63709677 -7.87878788]
 [-9.07258065 -7.33766234]
 [-8.42741935 -6.9047619 ]
 [-7.62096774 -6.03896104]
 [-6.81451613 -5.06493506]
 [-5.92741935 -4.1991342 ]
 [-4.7983871  -3.11688312]
 [-3.91129032 -2.46753247]
 [-2.86290323 -1.49350649]
 [-1.16935484 -0.08658009]
 [ 0.12096774  0.995671  ]
 [ 1.81451613  2.51082251]
 [ 2.78225806  3.48484848]
 [ 3.91129032  4.35064935]
 [ 5.12096774  5.32467532]
 [ 6.25        6.2987013 ]
 [ 7.37903226  7.27272727]
 [ 8.10483871  7.70562771]
 [ 2.94354839  2.83549784]
 [ 0.28225806  0.88744589]
 [-2.2983871  -1.38528139]
 [-4.31451613 -3.00865801]
 [-6.25       -4.41558442]
 [ 5.12096774  5.21645022]
 [-0.84677419 -4.95670996]
 [-0.28225806 -5.60606061]
 [ 2.21774194  7.48917749]
 [ 3.10483871  7.5974026 ]
 [ 2.86290323  6.19047619]
 [-7.54032258 -2.57575758]
 [-7.62096774 -3.54978355]
 [-8.42741935 -5.93073593]
 [-7.54032258 -7.01298701]
 [-5.04032258 -3.33333333]
 [-2.45967742 -1.16883117]
 [-0.76612903  0.02164502]
 [ 0.36290323  0.995671  ]
 [ 2.21774194  2.4025974 ]
 [ 4.39516129  4.13419913]
 [ 7.45967742  6.94805195]][[-9.07258065 -9.61038961]
 [-8.42741935 -7.66233766]
 [-7.78225806 -5.71428571]
 [-6.41129032 -3.33333333]
 [-4.71774194 -2.9004329 ]
 [-2.54032258 -4.30735931]
 [-1.65322581 -5.93073593]
 [ 0.04032258 -6.7965368 ]
 [ 1.97580645 -6.58008658]
 [ 3.66935484 -3.87445887]
 [ 4.71774194 -1.81818182]
 [ 5.92741935  0.67099567]
 [ 7.21774194  2.51082251]
 [ 8.50806452  3.26839827]
 [ 9.23387097  3.48484848]
 [ 9.55645161  3.48484848]
 [-3.18548387 -3.54978355]
 [ 0.84677419 -4.95670996]
 [ 1.33064516 -5.4978355 ]
 [ 4.31451613 -2.9004329 ]
 [ 4.87903226  0.45454545]
 [ 6.00806452  3.59307359]
 [ 7.78225806  3.16017316]
 [-5.36290323 -4.74025974]
 [-3.66935484 -2.79220779]
 [ 3.34677419 -4.1991342 ]
 [ 6.33064516  1.21212121]
 [-3.34677419 -3.54978355]
 [-7.54032258 -4.95670996]
 [-8.75       -8.31168831]
 [-4.95967742 -3.87445887]
 [-1.33064516 -5.93073593]
 [ 0.52419355 -6.58008658]
 [ 5.36290323  0.12987013]
 [ 8.18548387  3.26839827]
 [ 9.07258065  3.26839827]
 [-6.81451613 -3.87445887]
 [-4.47580645 -1.38528139]
 [-2.2983871  -4.95670996]
 [-8.83064516 -9.06926407]]