[[-8.99193548 -0.95238095]
 [-7.37903226  3.37662338]
 [-5.76612903  5.97402597]
 [-4.23387097  6.83982684]
 [-2.37903226  6.51515152]
 [-1.41129032  4.02597403]
 [-0.84677419  1.75324675]
 [-0.04032258 -0.3030303 ]
 [ 1.33064516 -2.35930736]
 [ 2.7016129  -3.00865801]
 [ 3.26612903 -2.35930736]
 [ 4.39516129  0.67099567]
 [ 5.28225806  3.59307359]
 [ 6.16935484  6.19047619]
 [ 3.42741935  3.26839827]
 [ 4.95967742  2.51082251]
 [ 4.7983871   4.02597403]
 [-8.02419355  1.1038961 ]
 [-8.10483871  2.4025974 ]
 [-6.65322581  5.        ]][[-8.99193548 -3.92857143]
 [-8.26612903  0.18398268]
 [-7.21774194  5.16233766]
 [-5.28225806  8.40909091]
 [-2.78225806  5.81168831]
 [-1.65322581 -0.57359307]
 [-0.60483871 -4.79437229]
 [ 0.92741935 -6.63419913]
 [ 3.10483871 -2.41341991]
 [ 3.66935484  2.78138528]
 [ 4.15322581  6.13636364]
 [ 6.49193548  7.21861472]
 [ 6.89516129  1.6991342 ]
 [ 6.81451613 -3.495671  ]
 [ 7.05645161 -6.63419913]
 [ 7.37903226 -8.90692641]
 [ 8.58870968 -4.57792208]
 [ 7.62096774 -0.8982684 ]
 [ 9.7983871  -7.71645022]
 [-2.37903226  2.45670996]][[-9.63709677 -5.98484848]
 [-8.99193548 -3.27922078]
 [-7.94354839 -0.35714286]
 [-6.25        3.86363636]
 [-4.47580645  5.16233766]
 [-2.21774194  2.45670996]
 [-1.33064516 -1.65584416]
 [ 0.04032258 -6.63419913]
 [ 1.65322581 -7.82467532]
 [ 3.58870968 -5.33549784]
 [ 5.2016129  -0.57359307]
 [ 6.57258065  2.24025974]
 [ 7.94354839  0.18398268]
 [ 8.34677419 -4.9025974 ]
 [ 8.75       -8.47402597]
 [ 8.83064516 -8.69047619]
 [-6.81451613  0.29220779]
 [-2.7016129   5.91991342]
 [ 0.2016129  -3.06277056]
 [-1.25       -5.22727273]][[-9.47580645 -4.79437229]
 [-8.75       -1.76406926]
 [-7.94354839  0.61688312]
 [-6.25        0.94155844]
 [-4.63709677 -2.41341991]
 [-3.50806452 -5.98484848]
 [-1.16935484 -7.06709957]
 [ 0.52419355 -2.41341991]
 [ 1.33064516  2.9978355 ]
 [ 2.7016129   5.05411255]
 [ 4.31451613  2.02380952]
 [ 4.87903226 -3.92857143]
 [ 5.76612903 -7.5       ]
 [ 6.89516129 -8.04112554]
 [ 8.02419355 -4.79437229]
 [ 8.18548387 -3.27922078]
 [ 8.50806452 -1.33116883]
 [ 9.55645161 -1.00649351]
 [-2.54032258 -4.36147186]
 [ 0.60483871 -6.95887446]][[-9.7983871  -3.495671  ]
 [-9.39516129 -1.33116883]
 [-8.18548387  1.26623377]
 [-5.92741935 -0.35714286]
 [-5.12096774 -4.79437229]
 [-3.10483871 -6.63419913]
 [-1.73387097 -5.98484848]
 [-0.68548387 -3.27922078]
 [ 0.36290323  0.50865801]
 [ 1.16935484  3.75541126]
 [ 1.81451613  4.94588745]
 [ 2.37903226  3.75541126]
 [ 3.02419355  3.21428571]
 [ 4.15322581  5.48701299]
 [ 5.60483871  7.11038961]
 [ 6.25        6.78571429]
 [ 6.89516129  2.78138528]
 [ 7.86290323 -2.30519481]
 [ 4.95967742  7.32683983]
 [ 7.21774194  1.37445887]][[-9.39516129 -4.36147186]
 [-8.91129032 -2.84632035]
 [-7.86290323  0.07575758]
 [-6.89516129  2.24025974]
 [-5.28225806  3.53896104]
 [-4.23387097  3.43073593]
 [-3.75        1.6991342 ]
 [-3.02419355 -0.68181818]
 [-1.57258065 -2.95454545]
 [-0.12096774 -3.71212121]
 [ 1.16935484 -2.1969697 ]
 [ 2.05645161 -0.14069264]
 [ 2.62096774  1.26623377]
 [ 3.02419355  2.67316017]
 [ 3.50806452  4.4047619 ]
 [-2.05645161 -2.08874459]
 [-0.84677419 -1.87229437]
 [-0.52419355 -3.06277056]
 [ 3.91129032  3.64718615]
 [ 4.71774194  6.35281385]][[-9.31451613 -3.33333333]
 [-9.7983871  -6.03896104]
 [-8.66935484 -0.84415584]
 [-6.97580645  2.29437229]
 [-5.12096774  1.32034632]
 [-3.50806452 -3.65800866]
 [-4.07258065 -1.70995671]
 [-2.21774194 -5.93073593]
 [-1.25       -4.41558442]
 [-0.52419355 -6.36363636]
 [ 1.00806452 -4.52380952]
 [ 1.49193548 -3.11688312]
 [-1.00806452 -4.74025974]][[-9.71774194 -5.93073593]
 [-9.07258065 -3.87445887]
 [-8.26612903 -1.38528139]
 [-6.57258065  2.07792208]
 [-4.95967742  2.18614719]
 [-4.23387097  0.45454545]
 [-3.91129032 -0.95238095]
 [-2.94354839 -3.76623377]
 [-1.57258065 -5.71428571]
 [-1.08870968 -5.82251082]
 [-0.52419355 -4.30735931]
 [-0.28225806 -4.63203463]
 [ 0.28225806 -6.25541126]
 [ 2.45967742 -3.76623377]
 [ 3.42741935 -1.38528139]
 [ 4.15322581  0.67099567]
 [ 1.49193548 -4.30735931]
 [ 5.28225806  0.88744589]
 [ 4.71774194  3.59307359]
 [ 5.36290323  5.75757576]]